0.18268,0.19077,0.20184,0.24294
0.18128,0.20554,0.18027,0.17265
0.18682,0.1819,0.18391,0.23046
0.18469,0.19826,0.1694,0.17889
0.18225,0.18529,0.20163,0.17305
0.18689,0.19257,0.18116,0.20576
0.18598,0.20845,0.18485,0.19317
0.26831,0.18509,0.19168,0.19863
0.18286,0.18391,0.18638,0.18324
0.18118,0.19241,0.18068,0.26068
0.19447,0.19219,0.24021,0.18166
0.19153,0.18115,0.19265,0.19741
0.275,0.19114,0.24916,0.18941
0.18038,0.19191,0.16666,0.18641
0.21258,0.20322,0.21863,0.18288
0.186,0.22352,0.19277,0.17691
0.19252,0.17475,0.21019,0.17935
0.1834,0.17075,0.18133,0.18747
0.2317,0.17554,0.17677,0.17406
0.18735,0.26707,0.19971,0.17796
0.20873,0.17673,0.2046,0.18542
0.19008,0.19178,0.19726,0.18995
0.17914,0.18633,0.24081,0.20762
0.25747,0.24541,0.19024,0.2067
0.20767,0.17549,0.22666,0.249
0.20307,0.18323,0.18425,0.1739
0.20759,0.22003,0.2055,0.24246
0.18152,0.22083,0.17918,0.17988
0.19188,0.17929,0.19937,0.19957
0.18872,0.23072,0.1841,0.2101
0.18218,0.22626,0.25403,0.20605
0.23237,0.18849,0.20225,0.22159
0.17764,0.17642,0.17706,0.17275
0.18247,0.21655,0.2216,0.2357
0.23304,0.20249,0.24095,0.16462
0.18882,0.19544,0.18649,0.24506
0.20906,0.23107,0.23985,0.18749
0.18473,0.22776,0.18004,0.21984
0.24961,0.2099,0.23537,0.22667
0.17842,0.18985,0.18178,0.19829
0.20425,0.19487,0.18232,0.19993
0.19566,0.19217,0.19086,0.2063
0.25646,0.17923,0.1877,0.20693
0.19875,0.18975,0.19315,0.21617
0.21245,0.17523,0.18584,0.20778
0.18598,0.28558,0.18148,0.19984
0.19251,0.18659,0.20394,0.21865
0.18925,0.1882,0.17602,0.18236
0.19391,0.18355,0.20766,0.20273
0.18848,0.20593,0.18304,0.17561
0.19493,0.19922,0.23466,0.25636
0.17703,0.18543,0.19968,0.17487
0.18455,0.18302,0.22058,0.19835
0.18251,0.20122,0.17301,0.18787
0.1773,0.18576,0.19878,0.18395
0.19882,0.1851,0.17901,0.21292
0.18973,0.19245,0.2245,0.19616
0.25243,0.21589,0.17762,0.18908
0.19627,0.19354,0.18084,0.1889
0.20402,0.22699,0.17068,0.22955
0.21616,0.17925,0.2425,0.17755
0.19227,0.19531,0.17615,0.196
0.26254,0.21792,0.2585,0.1867
0.16711,0.17363,0.18184,0.18289
0.22585,0.22396,0.20151,0.1857
0.18096,0.21597,0.20698,0.1759
0.19739,0.20479,0.18858,0.20442
0.17869,0.18704,0.20374,0.18259
0.20048,0.18435,0.21524,0.19089
0.18867,0.24506,0.20056,0.1869
0.19811,0.1824,0.193,0.19675
0.18269,0.21812,0.18257,0.20337
0.18841,0.18795,0.204,0.19798
0.25915,0.24962,0.21285,0.18483
0.18499,0.18444,0.20055,0.26434
0.17585,0.19778,0.19847,0.16821
0.19333,0.18744,0.22799,0.25239
0.19232,0.19553,0.18253,0.17155
0.17756,0.18175,0.21398,0.22879
0.20448,0.20736,0.1851,0.19817
0.21284,0.18909,0.1974,0.18314
0.23828,0.18974,0.19297,0.2001
0.19159,0.18903,0.19421,0.19085
0.20112,0.2353,0.21782,0.25601
0.19407,0.20405,0.21541,0.16754
0.17362,0.19828,0.18505,0.23906
0.19723,0.18488,0.24266,0.18517
0.18072,0.19983,0.18953,0.189
0.23757,0.18623,0.24081,0.18087
0.17594,0.19842,0.184,0.19146
0.24789,0.17761,0.18215,0.19343
0.18003,0.19801,0.18255,0.20169
0.25793,0.19512,0.21393,0.2124
0.20122,0.20576,0.19378,0.22675
0.19089,0.19601,0.18124,0.20694
0.19427,0.24986,0.18213,0.19452
0.20292,0.19257,0.22718,0.18207
0.22376,0.2099,0.17608,0.18755
0.19053,0.19746,0.17675,0.22074
0.20399,0.20471,0.18035,0.16622
0.19747,0.21353,0.24478,0.26699
0.22034,0.17581,0.17679,0.17889
0.18704,0.19095,0.21697,0.22261
0.19212,0.21224,0.16846,0.18856
0.17784,0.19623,0.26841,0.18884
0.2184,0.19485,0.1741,0.24521
0.17346,0.21218,0.19056,0.18075
0.2023,0.20593,0.17618,0.19517
0.18044,0.18249,0.1759,0.17834
0.18145,0.18985,0.16981,0.22692
0.25061,0.21105,0.26874,0.20536
0.17437,0.18927,0.16154,0.20139
0.23751,0.19874,0.25572,0.189
0.17145,0.22232,0.16871,0.19026
0.24448,0.19527,0.2334,0.19306
0.18621,0.19703,0.23186,0.18694
0.18827,0.18666,0.18714,0.20138
0.18128,0.21269,0.21038,0.19367
0.21005,0.18831,0.20346,0.19052
0.18357,0.25108,0.22388,0.20125
0.21714,0.19137,0.20766,0.19297
0.20225,0.19707,0.1778,0.1916
0.2071,0.1871,0.19095,0.18443
0.20795,0.25506,0.18257,0.17622
0.18428,0.17399,0.19079,0.25908
0.16709,0.19957,0.17395,0.18189
0.1907,0.20382,0.19819,0.25907
0.18734,0.19937,0.15976,0.18768
0.18557,0.18495,0.25159,0.1883
0.19119,0.20286,0.18074,0.19129
0.18917,0.17786,0.26347,0.1864
0.22779,0.17091,0.19342,0.19603
0.17731,0.18294,0.17468,0.18639
0.20505,0.20219,0.20318,0.24975
0.22275,0.20837,0.19119,0.18243
0.19898,0.18596,0.18209,0.18293
0.2166,0.19032,0.23386,0.1837
0.20878,0.1674,0.16733,0.19728
0.23444,0.17866,0.23985,0.21062
0.16667,0.23113,0.17865,0.19017
0.24747,0.21628,0.19686,0.22081
0.1995,0.21254,0.22645,0.18034
0.23002,0.1874,0.185,0.18996
0.18152,0.212,0.18829,0.20702
0.19469,0.18313,0.19349,0.19863
0.18763,0.24582,0.2021,0.19698
0.18786,0.18256,0.21683,0.19956
0.20468,0.26035,0.18605,0.19797
0.19678,0.18981,0.18626,0.21871
0.20221,0.20168,0.20016,0.19355
0.22238,0.20303,0.22134,0.24017
0.22673,0.20532,0.18948,0.18407
0.19737,0.19214,0.20767,0.25079
0.18978,0.21076,0.19188,0.18915
0.16985,0.19707,0.26308,0.17554
0.19886,0.2024,0.16258,0.19462
0.18468,0.22786,0.20717,0.21264
0.19795,0.2032,0.17747,0.20666
0.20285,0.17952,0.18192,0.1951
0.18485,0.19214,0.17997,0.24356
0.2017,0.1729,0.26338,0.17145
0.2024,0.18757,0.16517,0.2203
0.2231,0.23339,0.2398,0.20684
0.18942,0.17562,0.18149,0.2019
0.2402,0.20155,0.21497,0.18256
0.17822,0.19639,0.20777,0.18628
0.21639,0.19699,0.21588,0.20826
0.18865,0.18065,0.20135,0.18362
0.19314,0.18163,0.19507,0.19528
0.18848,0.23287,0.19332,0.18058
0.21594,0.18818,0.20331,0.19096
0.19318,0.23174,0.18641,0.18331
0.18868,0.21248,0.1945,0.18028
0.26031,0.24298,0.1894,0.18266
0.1848,0.17903,0.18813,0.2582
0.17543,0.20042,0.17488,0.186
0.18408,0.18714,0.20725,0.25195
0.20302,0.18494,0.17892,0.19275
0.17883,0.19188,0.21221,0.19308
0.18582,0.20713,0.17705,0.19804
0.19181,0.18803,0.2465,0.19109
0.20535,0.17812,0.1805,0.1932
0.19146,0.18174,0.18536,0.18769
0.19957,0.20086,0.20677,0.24733
0.19297,0.19598,0.1947,0.17162
0.18798,0.20381,0.18154,0.23505
0.20056,0.20479,0.23652,0.18306
0.19196,0.1838,0.18844,0.19707
0.22097,0.18478,0.24739,0.17623
0.18168,0.18297,0.16709,0.18131
0.26922,0.19194,0.21426,0.18633
0.18986,0.19179,0.20797,0.17316
0.22836,0.18918,0.24067,0.17389
0.19812,0.19275,0.16363,0.20012
0.17833,0.18342,0.17461,0.22273
0.19437,0.24553,0.19143,0.19943
0.19832,0.21099,0.20145,0.18461
0.22399,0.23056,0.19604,0.19985
0.18609,0.1914,0.20758,0.23067
0.18816,0.22277,0.1783,0.20008
0.2248,0.21281,0.22095,0.24959
0.18183,0.22787,0.16741,0.17795
0.1811,0.21735,0.20266,0.24434
0.18508,0.19337,0.21578,0.1824
0.20114,0.18802,0.24446,0.18416
0.2003,0.18842,0.18062,0.24032
0.20145,0.22881,0.22652,0.20942
0.22967,0.22519,0.20339,0.1873
0.18726,0.18927,0.18717,0.1582
0.17936,0.17182,0.17801,0.2419
0.20746,0.19267,0.2495,0.1842
0.18365,0.17664,0.17382,0.20533
0.18787,0.23651,0.20781,0.19742
0.18666,0.18507,0.18195,0.18623
0.252,0.18471,0.19594,0.20312
0.19924,0.19684,0.18988,0.18959
0.23697,0.17659,0.18012,0.23753
0.19077,0.17257,0.18763,0.17801
0.22175,0.17561,0.22846,0.1945
0.19433,0.26588,0.20888,0.20326
0.19558,0.178,0.22021,0.19347
0.1855,0.23734,0.17189,0.18782
0.18456,0.18577,0.22339,0.1981
0.22884,0.25341,0.20578,0.1902
0.19154,0.18395,0.1755,0.22061
0.20397,0.18137,0.17512,0.16978
0.19457,0.20374,0.25762,0.25776
0.21968,0.16923,0.17403,0.17641
0.20771,0.19055,0.24192,0.16313
0.20032,0.22128,0.16613,0.23573
0.20149,0.20963,0.17526,0.19012
0.19085,0.1729,0.18231,0.18717
0.17379,0.17069,0.19042,0.17515
0.17517,0.20014,0.18745,0.25745
0.17406,0.22031,0.23411,0.17725
0.18002,0.20052,0.18409,0.24586
0.24603,0.21333,0.23685,0.19678
0.1701,0.18236,0.18274,0.17975
0.24912,0.17479,0.2473,0.18012
0.19702,0.23744,0.20088,0.17979
0.23256,0.21971,0.19141,0.18295
0.18503,0.21289,0.19665,0.19382
0.2111,0.20971,0.21546,0.20023
0.18931,0.2467,0.18832,0.1975
0.18944,0.16654,0.19312,0.21259
0.19428,0.23661,0.2003,0.18072
0.18272,0.16923,0.20447,0.18253
0.21858,0.22458,0.19398,0.22838
0.17248,0.16894,0.19524,0.2414
0.19654,0.19169,0.17238,0.17657
0.20839,0.19936,0.19543,0.25717
0.20745,0.19927,0.18263,0.17576
0.20661,0.21864,0.21033,0.24287
0.19146,0.22029,0.1849,0.1885
0.19282,0.18232,0.25962,0.18572
0.18949,0.17432,0.18246,0.22191
0.17727,0.21041,0.1924,0.17478
0.20672,0.22739,0.19686,0.19481
0.19464,0.18263,0.1995,0.16446
0.18845,0.18406,0.1763,0.26872
0.19253,0.16975,0.24359,0.17447
0.18122,0.18191,0.18057,0.18591
0.22778,0.23381,0.2483,0.19807
0.19526,0.1863,0.19812,0.19056
0.23035,0.18432,0.20693,0.19979
0.18565,0.19978,0.22132,0.21636
0.22229,0.20169,0.17383,0.20747
0.19425,0.19109,0.18263,0.17495
0.21327,0.1926,0.19927,0.18121
0.20287,0.21243,0.24191,0.18807
0.2464,0.18022,0.19408,0.22026
0.1847,0.21175,0.17656,0.20313
0.22739,0.17797,0.18925,0.18291
0.23696,0.24315,0.17604,0.1939
0.21409,0.18896,0.2076,0.20789
0.18318,0.22673,0.18181,0.18823
0.19464,0.1905,0.18582,0.2698
0.21252,0.19001,0.17484,0.18426
0.18449,0.17814,0.26725,0.18592
0.19417,0.21246,0.17345,0.20373
0.2038,0.21541,0.19982,0.19888
0.1861,0.19147,0.19204,0.21103
0.18282,0.17727,0.17886,0.18901
0.19348,0.23249,0.18581,0.19814
0.21106,0.2021,0.26364,0.18112
0.18349,0.18062,0.18208,0.23349
0.17604,0.23722,0.23089,0.20018
0.18479,0.16986,0.17528,0.1941
0.21844,0.18883,0.24753,0.18542
0.19261,0.2372,0.20361,0.19628
0.23154,0.17977,0.21173,0.20212
0.19196,0.21637,0.2188,0.19938
0.2034,0.18843,0.21135,0.19679
0.21019,0.24628,0.20061,0.18511
0.21751,0.17704,0.18125,0.19218
0.18341,0.22445,0.1754,0.19064
0.16879,0.19414,0.17387,0.18978
0.17981,0.24277,0.17421,0.19351
0.21026,0.18737,0.1844,0.24403
0.17837,0.19065,0.18962,0.19368
0.20178,0.17489,0.19608,0.269
0.1784,0.17482,0.191,0.18095
0.17772,0.25208,0.25962,0.24353
0.17672,0.19315,0.18748,0.17848
0.22556,0.17806,0.25735,0.17388
0.21092,0.20719,0.18724,0.21123
0.21576,0.1751,0.18425,0.18193
0.22085,0.21245,0.18786,0.18418
0.19097,0.17732,0.18184,0.18431
0.18435,0.18636,0.17473,0.23559
0.22821,0.18524,0.23956,0.17318
0.20008,0.18072,0.17033,0.18374
0.2524,0.20351,0.25391,0.20655
0.16822,0.20117,0.18112,0.20372
0.23159,0.21072,0.20031,0.18908
0.18953,0.19233,0.22134,0.19437
0.22506,0.20176,0.20087,0.20488
0.19219,0.18762,0.19709,0.18705
0.18944,0.18543,0.19576,0.20551
0.18792,0.24064,0.18784,0.21304
0.2268,0.19,0.2388,0.19763
0.21423,0.21187,0.17009,0.18226
0.19831,0.19296,0.21953,0.20934
0.22287,0.21107,0.19375,0.18788
0.21268,0.20602,0.17445,0.25172
0.18453,0.22402,0.18384,0.17435
0.17418,0.216,0.18312,0.23738
0.20283,0.17048,0.16664,0.19617
0.21512,0.1901,0.24677,0.20966
0.20053,0.24006,0.16149,0.24062
0.18034,0.19459,0.23778,0.17962
0.20329,0.18368,0.24591,0.18277
0.19921,0.17794,0.1727,0.1787
0.18065,0.26121,0.21858,0.24384
0.18609,0.19511,0.22998,0.17532
0.18156,0.18348,0.17633,0.22907
0.20122,0.1919,0.21451,0.18203
0.18581,0.18924,0.1755,0.18574
0.25002,0.17529,0.23559,0.2078
0.19314,0.18761,0.18481,0.18717
0.22172,0.19759,0.17879,0.17375
0.18449,0.20968,0.17448,0.18218
0.20473,0.21553,0.24813,0.18999
0.2193,0.22989,0.18301,0.19363
0.18518,0.17313,0.19088,0.18728
0.17511,0.26619,0.18268,0.19328
0.18338,0.17307,0.19557,0.19586
0.19324,0.20945,0.18078,0.20015
0.18338,0.18949,0.202,0.23953
0.19131,0.1874,0.17327,0.18934
0.19253,0.18767,0.20755,0.26409
0.18631,0.1825,0.17858,0.18767
0.19422,0.19866,0.23741,0.24175
0.19082,0.20518,0.17572,0.18752
0.18271,0.1967,0.25161,0.18049
0.24644,0.19788,0.19128,0.21849
0.19134,0.1935,0.18017,0.17451
0.20838,0.19794,0.19773,0.18261
0.19222,0.18929,0.1999,0.18135
0.19016,0.19462,0.18242,0.25396
0.21952,0.18212,0.24599,0.17224
0.18581,0.17521,0.16929,0.17001
0.25337,0.24286,0.25401,0.2065
0.18342,0.174,0.1675,0.17188
0.21961,0.17454,0.17813,0.17433
0.1776,0.20942,0.24161,0.22996
0.24087,0.22181,0.20039,0.19652
0.1866,0.22617,0.19846,0.18974
0.19805,0.18112,0.19788,0.20384
0.18747,0.23382,0.21082,0.21019
0.2694,0.1663,0.19382,0.2056
0.18501,0.23605,0.17719,0.20308
0.18817,0.17863,0.20448,0.22063
0.19488,0.2379,0.17728,0.1699
0.18204,0.17813,0.23414,0.25398
0.20478,0.20475,0.1827,0.1674
0.20704,0.23188,0.21104,0.24555
0.22361,0.19374,0.19465,0.1717
0.1883,0.20668,0.24947,0.1729
0.18677,0.23037,0.18335,0.22618
0.1867,0.18099,0.20852,0.19677
0.18557,0.19724,0.19878,0.21467
0.17709,0.17561,0.19459,0.19435
0.18008,0.24551,0.20334,0.2169
0.22416,0.17861,0.20114,0.18047
0.20077,0.18416,0.18862,0.23773
0.20305,0.19359,0.2012,0.19273
0.18196,0.18141,0.18216,0.19614
0.22654,0.18595,0.22935,0.20174
0.17261,0.19885,0.19355,0.20568
0.26616,0.17658,0.18352,0.17447
0.18836,0.18059,0.18621,0.19565
0.19652,0.19283,0.20493,0.19579
0.1816,0.2322,0.17603,0.17067
0.19074,0.18751,0.23028,0.20219
0.18369,0.22226,0.18886,0.19729
0.19284,0.1886,0.18622,0.20362
0.23282,0.2341,0.17989,0.19891
0.19803,0.18869,0.18291,0.20841
0.18899,0.21582,0.18425,0.16475
0.21136,0.2113,0.17661,0.26643
0.25095,0.1853,0.18052,0.18018
0.16894,0.18033,0.25124,0.25644
0.19412,0.2296,0.1764,0.19134
0.18468,0.19717,0.26934,0.19173
0.20505,0.21388,0.17388,0.17928
0.1773,0.20023,0.1879,0.18341
0.19888,0.21698,0.23535,0.19059
0.18212,0.18136,0.21281,0.16818
0.18235,0.19713,0.18423,0.25232
0.17575,0.21585,0.21646,0.18185
0.18534,0.1818,0.18414,0.18785
0.25926,0.22552,0.25706,0.1952
0.18698,0.20481,0.18716,0.19306
0.25287,0.19547,0.19897,0.2033
0.17777,0.20403,0.23662,0.20642
0.25268,0.19818,0.19784,0.21197
0.18325,0.18554,0.18809,0.16034
0.17314,0.17364,0.19931,0.21793
0.19281,0.23409,0.18744,0.19708
0.21707,0.17834,0.19326,0.19042
0.20216,0.22066,0.18786,0.19155
0.19302,0.20045,0.20431,0.22333
0.19673,0.21768,0.18894,0.18013
0.2353,0.1975,0.19677,0.27048
0.21977,0.18173,0.18519,0.18068
0.17396,0.23901,0.19115,0.27221
0.19918,0.17484,0.19131,0.18011
0.20523,0.1725,0.24446,0.17145
0.18661,0.19925,0.17602,0.18544
0.17284,0.19029,0.18598,0.17529
0.18774,0.19135,0.23297,0.18815
0.18514,0.1841,0.20089,0.19432
0.19196,0.19085,0.20997,0.2675
0.21631,0.18628,0.24845,0.19969
0.19688,0.18875,0.16674,0.2355
0.18969,0.25256,0.27045,0.19985
0.18312,0.1913,0.18986,0.18058
0.25858,0.18995,0.19729,0.1799
0.19977,0.20897,0.18276,0.18131
0.23815,0.19622,0.17739,0.17881
0.19087,0.18976,0.17763,0.2051
0.1717,0.18928,0.1814,0.18095
0.23313,0.23139,0.17614,0.19683
0.21806,0.17422,0.19832,0.19669
0.17809,0.23766,0.17544,0.18731
0.19542,0.173,0.19747,0.20818
0.24449,0.23221,0.1751,0.1967
0.17487,0.18983,0.21577,0.2375
0.18291,0.20455,0.176,0.17406
0.21859,0.20263,0.17279,0.26966
0.18747,0.17534,0.18155,0.1854
0.18319,0.24221,0.25229,0.2159
0.19799,0.21336,0.1743,0.20491
0.1949,0.18141,0.28095,0.17758
0.18851,0.18919,0.18062,0.20874
0.18538,0.18348,0.1885,0.1944
0.21713,0.2229,0.21017,0.19911
0.18982,0.18424,0.24458,0.17441
0.18915,0.20132,0.17944,0.25488
0.19267,0.22423,0.25799,0.19193
0.18498,0.19021,0.18063,0.18842
0.2349,0.21182,0.26271,0.20559
0.17905,0.21706,0.19208,0.18797
0.2299,0.18229,0.18625,0.18249
0.18074,0.19057,0.18898,0.18754
0.21745,0.21763,0.18487,0.18067
0.17568,0.18073,0.17343,0.19223
0.19942,0.18384,0.19082,0.18947
0.18091,0.25167,0.1835,0.19624
0.23996,0.16547,0.18283,0.19617
0.19082,0.25483,0.18154,0.18461
0.16393,0.17571,0.26387,0.22413
0.20585,0.18703,0.17373,0.1789
0.22126,0.19057,0.20551,0.2619
0.20539,0.18521,0.19264,0.17127
0.20953,0.21347,0.20473,0.25822
0.22199,0.17601,0.19395,0.18416
0.20782,0.1776,0.24052,0.19404
0.20252,0.21136,0.17509,0.18971
0.18718,0.17663,0.23815,0.17318
0.2126,0.21594,0.17799,0.17687
0.18578,0.17944,0.18252,0.18396
0.21097,0.21316,0.18857,0.25248
0.21978,0.19729,0.24305,0.17815
0.19274,0.20973,0.18277,0.22671
0.19405,0.20267,0.23572,0.26073
0.19527,0.19811,0.18786,0.18731
0.25366,0.19803,0.23722,0.2031
0.1796,0.21476,0.18877,0.20224
0.21859,0.19654,0.18418,0.19818
0.20122,0.19687,0.17592,0.20018
0.2042,0.19994,0.17451,0.19371
0.20198,0.20204,0.21373,0.17042
0.18863,0.189,0.19081,0.19416
0.19656,0.24745,0.16983,0.20006
0.16831,0.19505,0.19178,0.19815
0.19084,0.22967,0.17491,0.1997
0.19217,0.1776,0.22116,0.22509
0.18666,0.18119,0.17765,0.1814
0.22339,0.20422,0.21101,0.24984
0.19529,0.17658,0.2329,0.17993
0.1852,0.24491,0.23682,0.24337
0.19675,0.19852,0.19175,0.19141
0.20683,0.19445,0.22296,0.18515
0.19135,0.19631,0.18854,0.2282
0.18557,0.17856,0.1784,0.19557
0.20006,0.22383,0.2039,0.18505
0.20496,0.17912,0.19701,0.18229
0.18273,0.1778,0.18742,0.23099
0.19107,0.25937,0.23818,0.18612
0.18822,0.1792,0.17744,0.18398
0.25093,0.24066,0.25773,0.19079
0.19132,0.18471,0.16468,0.17933
0.23224,0.18128,0.20036,0.18186
0.17732,0.23499,0.19741,0.17955
0.25051,0.18596,0.19887,0.19928
0.17685,0.19263,0.18548,0.19705
0.18084,0.18539,0.20077,0.19685
0.18739,0.21154,0.18444,0.19717
0.1883,0.18325,0.17222,0.19053
0.19566,0.1956,0.17724,0.19146
0.1937,0.17575,0.22394,0.19913
0.19633,0.1994,0.20487,0.18878
0.20392,0.2032,0.21465,0.25981
0.19822,0.20213,0.19114,0.17649
0.19446,0.20471,0.20639,0.24816
0.19568,0.18022,0.19553,0.18001
0.2072,0.1961,0.21258,0.18578
0.19271,0.2115,0.16055,0.22478
0.19575,0.18162,0.19345,0.1754
0.19293,0.18547,0.21691,0.18642
0.19251,0.16787,0.18649,0.17132
0.20876,0.2302,0.20606,0.23432
0.21925,0.18173,0.24533,0.17147
0.20657,0.17709,0.16808,0.23816
0.19894,0.24526,0.24362,0.20311
0.18162,0.17439,0.18266,0.19358
0.26437,0.21007,0.24184,0.21013
0.18937,0.23069,0.18281,0.18331
0.24114,0.20387,0.18047,0.19592
0.17127,0.19289,0.20616,0.19727
0.24976,0.2063,0.19505,0.21976
0.19801,0.23376,0.18917,0.19063
0.188,0.17713,0.20687,0.20373
0.18292,0.23864,0.21677,0.2076
0.19415,0.18779,0.19848,0.21255
0.18908,0.23593,0.18694,0.19338
0.19133,0.18508,0.1984,0.23223
0.19373,0.21217,0.19915,0.17655
0.19838,0.18311,0.1876,0.23419
0.18872,0.17851,0.18774,0.16429
0.18363,0.23317,0.21589,0.22637
0.18622,0.19801,0.17817,0.21511
0.1959,0.17601,0.22749,0.19366
0.20925,0.19314,0.18684,0.22076
0.18944,0.17934,0.19349,0.20603
0.20985,0.18387,0.20974,0.19422
0.19655,0.19226,0.22051,0.14981
0.19055,0.18636,0.17162,0.25583
0.23446,0.26457,0.24725,0.15797
0.18756,0.18134,0.17339,0.19143
0.19576,0.22003,0.2533,0.22823
0.17917,0.18716,0.16914,0.17491
0.2216,0.18383,0.22219,0.17851
0.18261,0.18203,0.18484,0.18463
0.26139,0.19012,0.20002,0.20339
0.19012,0.20891,0.1763,0.19174
0.21128,0.19125,0.19611,0.18856
0.19187,0.22727,0.19212,0.17316
0.18965,0.18435,0.1827,0.18568
0.19604,0.23005,0.17269,0.1848
0.18555,0.18969,0.24944,0.25143
0.2045,0.22789,0.17534,0.17671
0.19509,0.18534,0.22115,0.24665
0.19506,0.21397,0.17168,0.17882
0.2329,0.19321,0.20702,0.23925
0.19738,0.18675,0.20217,0.17663
0.18239,0.19592,0.19241,0.17116
0.18219,0.21617,0.17252,0.25239
0.18395,0.19741,0.22108,0.18619
0.20655,0.23552,0.18339,0.16964
0.19581,0.18317,0.19972,0.20279
0.22472,0.21412,0.17616,0.25677
0.18492,0.20095,0.25772,0.18878
0.18969,0.18255,0.19216,0.25469
0.23142,0.2563,0.25089,0.19529
0.19045,0.1706,0.19585,0.1653
0.26367,0.17141,0.21669,0.19223
0.18017,0.20815,0.19153,0.20544
0.1957,0.17548,0.18857,0.18065
0.1924,0.18319,0.19126,0.20299
0.19762,0.19937,0.19489,0.18117
0.19608,0.22409,0.18815,0.19939
0.22297,0.18031,0.19019,0.19292
0.18303,0.23134,0.18415,0.18515
0.18184,0.18183,0.18988,0.19098
0.19366,0.23947,0.1787,0.18608
0.19812,0.17052,0.25272,0.2579
0.19379,0.18424,0.19336,0.16473
0.18367,0.19338,0.22756,0.24596
0.18525,0.19646,0.20037,0.17278
0.20025,0.21457,0.22923,0.22128
0.19082,0.18308,0.18715,0.20887
0.18488,0.17339,0.24995,0.20235
0.19618,0.2361,0.17783,0.19671
0.19834,0.1711,0.18115,0.21769
0.2348,0.20977,0.1843,0.18143
0.20873,0.19522,0.19725,0.17657
0.20012,0.19179,0.18339,0.26057
0.21705,0.24641,0.27475,0.17242
0.1901,0.17949,0.18073,0.18211
0.25559,0.20925,0.25148,0.20491
0.17665,0.183,0.18066,0.19385
0.2056,0.1841,0.18832,0.19859
0.19155,0.22021,0.18183,0.19416
0.22209,0.20703,0.2028,0.2029
0.19186,0.22411,0.19906,0.18939
0.21528,0.18648,0.19934,0.18933
0.18211,0.22118,0.18285,0.18916
0.18129,0.18812,0.17501,0.20974
0.1903,0.22743,0.1812,0.19139
0.23737,0.17349,0.20697,0.20819
0.1876,0.21045,0.17205,0.18819
0.19699,0.20394,0.24011,0.24949
0.21003,0.19549,0.18636,0.18861
0.18389,0.18137,0.18554,0.21507
0.18547,0.19936,0.18862,0.18798
0.18327,0.19896,0.2167,0.21179
0.19236,0.20923,0.17071,0.22306
0.19266,0.17929,0.19969,0.20116
0.24353,0.22639,0.19716,0.19278
0.19695,0.21517,0.21299,0.18927
0.20753,0.1958,0.21013,0.21913
0.20634,0.20175,0.23204,0.18187
0.1926,0.20721,0.17724,0.21787
0.21615,0.21644,0.26936,0.18968
0.1793,0.19408,0.18434,0.18794
0.24954,0.19154,0.20032,0.19275
0.20867,0.18948,0.18074,0.18987
0.19737,0.19548,0.17037,0.1958
0.18028,0.18572,0.18301,0.19203
0.17899,0.17819,0.18006,0.18826
0.18382,0.24204,0.18931,0.18504
0.18884,0.18005,0.19631,0.20171
0.1778,0.22688,0.18877,0.18009
0.22423,0.17424,0.2064,0.20187
0.19692,0.21886,0.18178,0.18334
0.17648,0.18146,0.25252,0.25808
0.19927,0.18976,0.18492,0.17267
0.18959,0.18514,0.22315,0.24975
0.18174,0.17667,0.19586,0.17121
0.20986,0.21083,0.23757,0.24896
0.22827,0.18857,0.1766,0.1832
0.1778,0.18126,0.24401,0.17837
0.21173,0.23161,0.19584,0.2031
0.17025,0.18877,0.21004,0.21211
0.24455,0.23459,0.19491,0.20671
0.19471,0.1975,0.2183,0.17854
0.20489,0.19883,0.17788,0.25265
0.22807,0.21984,0.23768,0.18913
0.21194,0.1839,0.18212,0.19268
0.21281,0.20138,0.23032,0.2
0.18198,0.20567,0.1843,0.19278
0.22229,0.17522,0.18183,0.19749
0.21297,0.21568,0.19846,0.17475
0.17717,0.18069,0.19794,0.18387
0.17777,0.24028,0.16785,0.22347
0.24906,0.2138,0.1901,0.19261
0.18109,0.17612,0.19949,0.18711
0.20998,0.188,0.18346,0.20636
0.18313,0.23986,0.21476,0.21
0.226,0.1786,0.23483,0.23808
0.21054,0.23831,0.20097,0.17767
0.17235,0.20564,0.20905,0.24468
0.19584,0.17805,0.17552,0.17019
0.18482,0.18646,0.21533,0.22917
0.18623,0.21574,0.19759,0.18566
0.18894,0.1926,0.21327,0.19544
0.18224,0.22211,0.18085,0.2289
0.19181,0.18576,0.19903,0.18089
0.22301,0.21302,0.19677,0.1901
0.18668,0.17756,0.18479,0.19923
0.246,0.19946,0.19664,0.22216
0.20379,0.18434,0.24043,0.17479
0.20185,0.18025,0.17729,0.2329
0.21461,0.25246,0.21243,0.18553
0.18006,0.18022,0.17597,0.18814
0.24857,0.1786,0.24243,0.18761
0.18225,0.23603,0.18267,0.19487
0.18079,0.18384,0.19035,0.18727
0.19925,0.19507,0.19452,0.1875
0.19481,0.18185,0.17944,0.18647
0.18891,0.2015,0.17261,0.19037
0.20607,0.1867,0.17187,0.19762
0.18049,0.23058,0.17693,0.18131
0.19921,0.18901,0.19037,0.18832
0.18357,0.22766,0.17534,0.18201
0.18311,0.19079,0.25563,0.24619
0.19597,0.19277,0.17178,0.17188
0.18835,0.19914,0.23343,0.2522
0.19431,0.17147,0.18502,0.17121
0.19004,0.18499,0.25858,0.23159
0.20064,0.17094,0.16625,0.19159
0.20829,0.18637,0.23626,0.17347
0.1924,0.22785,0.18893,0.23018
0.18714,0.17723,0.18755,0.20851
0.21042,0.22194,0.23162,0.1877
0.20337,0.1745,0.19308,0.18743
0.19777,0.18569,0.17305,0.23681
0.23347,0.23332,0.25157,0.17645
0.17978,0.17552,0.17445,0.19308
0.25413,0.232,0.24627,0.19715
0.17378,0.23484,0.18039,0.2011
0.22376,0.17712,0.18161,0.20792
0.19085,0.22332,0.18361,0.18316
0.20639,0.18926,0.21758,0.20875
0.18657,0.21691,0.20626,0.22616
0.2275,0.18443,0.20889,0.18666
0.18346,0.2433,0.17757,0.18399
0.2437,0.17669,0.17984,0.21543
0.17983,0.24392,0.19107,0.2099
0.1874,0.17315,0.2306,0.22427
0.17897,0.24032,0.17821,0.15181
0.18157,0.1917,0.21745,0.23665
0.22477,0.1844,0.18394,0.19711
0.21251,0.2067,0.19211,0.22568
0.20603,0.18457,0.17968,0.20025
0.18985,0.19223,0.24714,0.20922
0.18638,0.20735,0.17083,0.20574
0.20314,0.17451,0.22035,0.18342
0.20766,0.21283,0.2077,0.17015
0.18316,0.18621,0.21321,0.20543
0.20609,0.20099,0.20441,0.21573
0.24739,0.1863,0.25443,0.18661
0.18572,0.179,0.17404,0.21976
0.19464,0.23413,0.25533,0.17837
0.18963,0.18423,0.16745,0.17209
0.2381,0.19477,0.24674,0.20972
0.19517,0.22136,0.16904,0.18413
0.1983,0.18575,0.16547,0.17511
0.20414,0.19646,0.1773,0.24979
0.21431,0.19327,0.19233,0.1957
0.18492,0.23385,0.18245,0.17248
0.19369,0.19484,0.19265,0.17974
0.1858,0.19005,0.18903,0.1996
0.18745,0.17781,0.19328,0.19005
0.18889,0.24618,0.19062,0.17995
0.19655,0.20368,0.20656,0.25454
0.18954,0.21305,0.19073,0.15863
0.17807,0.20216,0.21426,0.26273
0.17535,0.19273,0.19044,0.1781
0.21205,0.1886,0.22381,0.24875
0.19759,0.22499,0.17043,0.18864
0.19633,0.21676,0.26403,0.19298
0.18952,0.21152,0.19196,0.22629
0.19152,0.16762,0.19086,0.19965
0.22309,0.18193,0.20575,0.20527
0.19854,0.18432,0.20343,0.16441
0.18718,0.18465,0.1857,0.24276
0.24155,0.2134,0.22184,0.16832
0.19888,0.1827,0.18298,0.19998
0.21568,0.21059,0.23389,0.20818
0.18167,0.21204,0.18032,0.18216
0.21326,0.18126,0.1815,0.21821
0.20559,0.21207,0.18632,0.20161
0.1973,0.18733,0.18969,0.18735
0.19151,0.19187,0.19708,0.20111
0.24854,0.18976,0.19291,0.20284
0.18284,0.24475,0.21102,0.17139
0.19712,0.18162,0.19338,0.17409
0.18777,0.24721,0.18461,0.19766
0.19773,0.1677,0.21533,0.22067
0.19265,0.21965,0.17971,0.17301
0.17775,0.18149,0.22955,0.24697
0.19509,0.18215,0.18934,0.18955
0.19988,0.21116,0.25955,0.21905
0.19304,0.19799,0.1846,0.1956
0.20505,0.19762,0.21412,0.20885
0.19815,0.21216,0.18628,0.21875
0.18649,0.19471,0.19526,0.17872
0.23325,0.18865,0.19137,0.1744
0.20057,0.19193,0.18925,0.17258
0.22154,0.19705,0.17763,0.25849
0.22425,0.21639,0.25761,0.18794
0.18711,0.17692,0.17695,0.21803
0.2332,0.21404,0.25568,0.1986
0.17971,0.19443,0.17756,0.18646
0.23803,0.18442,0.26529,0.1977
0.18234,0.23464,0.18253,0.18909
0.1963,0.1803,0.17884,0.19519
0.20337,0.19372,0.17398,0.22699
0.21071,0.22027,0.17702,0.18738
0.1836,0.23492,0.18327,0.18398
0.18724,0.16771,0.18341,0.1853
0.1848,0.21101,0.17036,0.20009
0.19026,0.17072,0.25243,0.20468
0.17279,0.23412,0.21771,0.18321
0.18427,0.1739,0.25072,0.25486
0.21144,0.23029,0.16992,0.173
0.18328,0.19964,0.23331,0.25557
0.19648,0.20964,0.19708,0.19381
0.22807,0.17842,0.23827,0.21562
0.21173,0.20866,0.1667,0.19424
0.1931,0.2129,0.218,0.19233
0.1988,0.20989,0.18672,0.19984
0.1885,0.20709,0.18017,0.18182
0.2259,0.19915,0.18833,0.18747
0.20012,0.19979,0.1916,0.18336
0.17136,0.19762,0.17704,0.25558
0.23657,0.20848,0.22914,0.18883
0.1724,0.1751,0.16999,0.20047
0.23532,0.188,0.17658,0.19976
0.17622,0.18611,0.184,0.19408
0.1931,0.18005,0.19672,0.20491
0.19672,0.19786,0.19558,0.18145
0.191,0.18751,0.20609,0.17913
0.1987,0.20003,0.18694,0.20224
0.22669,0.18214,0.17686,0.18941
0.22525,0.2404,0.18721,0.19259
0.21184,0.18204,0.20511,0.20071
0.21828,0.21459,0.1865,0.18361
0.1823,0.17324,0.23655,0.1979
0.1831,0.20362,0.19865,0.17184
0.19741,0.20069,0.22114,0.26911
0.21,0.20626,0.1767,0.18204
0.17495,0.20946,0.23378,0.23308
0.199,0.20899,0.19053,0.19866
0.18655,0.19475,0.22466,0.20578
0.19926,0.22453,0.18021,0.1992
0.2114,0.21049,0.18956,0.19914
0.22176,0.1978,0.21716,0.19009
0.19776,0.1951,0.20432,0.1913
0.20254,0.20669,0.20396,0.21884
0.21369,0.20333,0.24214,0.18022
0.17941,0.17401,0.19775,0.19794
0.21075,0.19776,0.21145,0.20467
0.17963,0.19498,0.18014,0.19469
0.21525,0.20285,0.24451,0.19597
0.18611,0.23,0.17906,0.18484
0.2002,0.19786,0.22926,0.20535
0.21358,0.2238,0.19678,0.23205
0.24836,0.18046,0.17901,0.20505
0.19039,0.22906,0.21314,0.19812
0.19465,0.18486,0.20641,0.22013
0.18032,0.21796,0.19206,0.18016
0.18835,0.18979,0.20394,0.20568
0.1916,0.21714,0.20259,0.18315
0.20173,0.1919,0.21343,0.2326
0.20284,0.1939,0.19523,0.17618
0.18641,0.18821,0.20619,0.22459
0.18,0.19908,0.18803,0.185
0.22598,0.18505,0.22884,0.21479
0.20575,0.18869,0.1849,0.20127
0.19704,0.20517,0.18563,0.18899
0.18857,0.22805,0.18381,0.20043
0.17336,0.18378,0.20327,0.18438
0.22114,0.19628,0.17355,0.20411
0.18119,0.18368,0.18648,0.1913
0.17056,0.19005,0.18729,0.25602
0.26501,0.2071,0.19411,0.18806
0.18694,0.18959,0.18052,0.19346
0.2262,0.19303,0.20496,0.18924
0.18681,0.21241,0.17579,0.19394
0.19188,0.19235,0.19439,0.18535
0.19231,0.1979,0.1984,0.19096
0.18387,0.18088,0.19313,0.1867
0.19312,0.19696,0.17213,0.1899
0.25217,0.19305,0.17996,0.19588
0.19657,0.20618,0.21891,0.17504
0.19379,0.18249,0.18859,0.23673
0.20331,0.19623,0.1706,0.17795
0.191,0.17119,0.24808,0.19718
0.18932,0.26098,0.1687,0.17469
0.19397,0.18158,0.23521,0.2623
0.19543,0.18023,0.18434,0.1685
0.18807,0.22572,0.25077,0.24494
0.20579,0.19391,0.19861,0.1969
0.18821,0.18349,0.21577,0.20232
0.18705,0.22535,0.19017,0.19224
0.18565,0.22079,0.22502,0.1977
0.2448,0.2096,0.18465,0.20875
0.18058,0.18651,0.20354,0.1635
0.2096,0.22658,0.18809,0.23286
0.17672,0.23641,0.21996,0.18889
0.18691,0.18295,0.19072,0.22573
0.25851,0.21644,0.2397,0.17966
0.17054,0.20512,0.18995,0.16793
0.20934,0.18777,0.25749,0.17968
0.21887,0.22446,0.19163,0.18
0.21495,0.17333,0.21223,0.2124
0.2088,0.21673,0.19007,0.23461
0.19074,0.19502,0.19427,0.20851
0.18568,0.20405,0.18825,0.17941
0.21355,0.18449,0.18377,0.21169
0.18686,0.19699,0.19726,0.19407
0.21747,0.18626,0.21556,0.22106
0.20544,0.21783,0.18874,0.19876
0.18147,0.17695,0.19722,0.24682
0.22692,0.1911,0.18139,0.16264
0.1794,0.18885,0.20847,0.24257
0.18727,0.19087,0.18139,0.17851
0.19229,0.19884,0.22986,0.21547
0.1906,0.20298,0.19529,0.20713
0.18738,0.19892,0.2309,0.19768
0.18647,0.18649,0.18255,0.20528
0.18859,0.19679,0.18511,0.17168
0.18883,0.19668,0.18665,0.19127
0.2507,0.1941,0.21066,0.1787
0.1952,0.18751,0.17138,0.23745
0.25379,0.22085,0.21532,0.18936
0.19251,0.19925,0.17164,0.21118
0.2548,0.20994,0.24252,0.18816
0.19364,0.1868,0.17624,0.19022
0.20131,0.20345,0.20171,0.20114
0.17568,0.22664,0.17688,0.2029
0.19512,0.1844,0.20073,0.19299
0.18186,0.18272,0.19477,0.20629
0.202,0.17919,0.1863,0.19043
0.18315,0.23626,0.20217,0.18427
0.19207,0.20304,0.21766,0.20055
0.17615,0.24019,0.1886,0.18632
0.1957,0.20579,0.19564,0.19082
0.23329,0.25186,0.18505,0.17733
0.17772,0.19746,0.21623,0.26617
0.18984,0.18625,0.196,0.187
0.18756,0.19013,0.21184,0.23601
0.2044,0.18559,0.1962,0.20971
0.18066,0.1987,0.2268,0.19398
0.19394,0.1972,0.18302,0.20353
0.1831,0.19235,0.23244,0.18197
0.2332,0.2157,0.191,0.19066
0.19396,0.18378,0.18617,0.17967
0.1826,0.21376,0.1808,0.25563
0.21717,0.21852,0.19219,0.17991
0.18617,0.17767,0.18553,0.19449
0.22161,0.201,0.26553,0.19175
0.17414,0.20341,0.1825,0.19419
0.2123,0.18153,0.23348,0.18119
0.22211,0.21369,0.1832,0.17128
0.24983,0.17793,0.20194,0.18628
0.18764,0.18155,0.19889,0.19361
0.19179,0.17366,0.17895,0.20222
0.18375,0.24904,0.18784,0.19088
0.19288,0.17615,0.20107,0.19732
0.19498,0.1979,0.18644,0.20689
0.1885,0.18425,0.21979,0.19347
0.22322,0.23842,0.20815,0.1981
0.20358,0.18462,0.22798,0.25183
0.21103,0.20505,0.17939,0.17632
0.18621,0.19646,0.25298,0.26707
0.19977,0.1904,0.17652,0.1749
0.19911,0.18294,0.23318,0.17717
0.2071,0.21379,0.17586,0.21775
0.22342,0.21371,0.25353,0.19802
0.20371,0.18112,0.17402,0.21312
0.18511,0.17268,0.16902,0.20627
0.2262,0.22099,0.19117,0.21016
0.22541,0.18898,0.19788,0.18546
0.18063,0.17514,0.17405,0.23894
0.21228,0.24006,0.24457,0.18271
0.19141,0.21892,0.1736,0.20273
0.26586,0.18277,0.2403,0.20549
0.19151,0.21727,0.16604,0.20593
0.18958,0.18493,0.17257,0.20476
0.1722,0.19061,0.17449,0.19672
0.18497,0.21372,0.25251,0.20102
0.18856,0.21549,0.17915,0.19969
0.219,0.1706,0.18072,0.19922
0.19024,0.24095,0.18702,0.19389
0.18345,0.18977,0.25005,0.20183
0.17734,0.24362,0.20562,0.19393
0.19457,0.17285,0.23542,0.21997
0.21035,0.23068,0.16745,0.18479
0.19155,0.20701,0.19054,0.21794
0.19655,0.21106,0.18936,0.18686
0.18153,0.2147,0.19372,0.20362
0.21285,0.21125,0.17726,0.18013
0.19048,0.18378,0.21959,0.18531
0.17216,0.19924,0.17519,0.19716
0.18542,0.18972,0.22474,0.19989
0.23981,0.19942,0.18162,0.21175
0.17669,0.17979,0.19773,0.17658
0.18519,0.18879,0.18029,0.26051
0.18056,0.18361,0.243,0.18004
0.18643,0.18825,0.1865,0.20161
0.2431,0.18324,0.24258,0.19505
0.18003,0.19868,0.17157,0.18231
0.21336,0.20624,0.20243,0.19711
0.20278,0.19656,0.18508,0.18204
0.23499,0.17024,0.22454,0.18542
0.19717,0.176,0.16407,0.18017
0.24418,0.18744,0.17454,0.18774
0.19874,0.23194,0.23306,0.17551
0.22772,0.19212,0.19758,0.18713
0.16772,0.21449,0.1894,0.17885
0.19464,0.19306,0.21575,0.19937
0.23143,0.22644,0.19924,0.1965
0.17794,0.18985,0.1803,0.25219
0.19221,0.19798,0.20252,0.18942
0.20349,0.20129,0.23108,0.24602
0.20231,0.21308,0.20994,0.19066
0.20726,0.19466,0.19884,0.2235
0.21636,0.19897,0.18771,0.18703
0.22623,0.20845,0.24424,0.19761
0.21311,0.20357,0.21418,0.20992
0.1929,0.20642,0.16218,0.18827
0.19225,0.19546,0.22084,0.22641
0.17532,0.20724,0.19594,0.18065
0.18534,0.20998,0.17435,0.23676
0.22512,0.25316,0.24621,0.22679
0.18577,0.17135,0.1567,0.22075
0.2458,0.21355,0.24885,0.2223
0.19393,0.17655,0.17047,0.20197
0.21173,0.19012,0.21392,0.22177
0.18625,0.21213,0.19159,0.22156
0.21624,0.19624,0.21276,0.17957
0.18621,0.20066,0.20808,0.19477
0.20662,0.18168,0.19261,0.18641
0.195,0.25898,0.21626,0.18526
0.18825,0.1885,0.21591,0.19712
0.18307,0.20015,0.18702,0.19465
0.18225,0.17143,0.19481,0.18607
0.19817,0.25037,0.18337,0.17798
